function [ldpc_param] = nr15_ldpc_init()

ldpc_param.K_cb = 8448;

ldpc_param.set_iLS =    [2  4   8   16  32  64  128 256 ...
                         3  6   12  24  48  96  192 384 ...
                         5  10  20  40  80  160 320 ...
                         7  14  28  56  112 224 ...
                         9  18  36  72  144 288 ...
                         11 22  44  88  176 352 ...
                         13 26  52  104 208 ...
                         15 30  60  120 240];

ldpc_param.all_iLS =    [1  1   1   1   1   1   1   1 ...
                         2  2   2   2   2   2   2   2 ...
                         3  3   3   3   3   3   3 ...
                         4  4   4   4   4   4 ...
                         5  5   5   5   5   5 ...
                         6  6   6   6   6   6 ...
                         7  7   7   7   7  ...
                         8  8   8   8   8];
                     